1000
71
62
99
77
72
1
10
59
77
25
61
16
69
98
31
86
77
62
75
58
31
7
69
12
79
25
42
65
39
37
39
91
29
26
86
25
46
90
53
17
45
58
34
37
69
34
68
9
28
36
14
74
19
58
61
99
32
22
72
2
88
83
14
46
26
2
7
34
74
99
26
64
51
87
84
7
71
12
12
16
27
100
83
64
20
79
76
64
22
12
84
7
16
41
9
46
25
87
91
91
81
93
46
42
54
53
65
51
92
68
7
58
26
16
84
45
17
29
55
48
4
66
21
46
63
99
39
36
51
88
13
2
54
79
17
32
63
76
53
2
4
98
15
66
62
57
53
18
72
21
11
64
31
37
60
27
44
40
24
47
64
34
17
2
21
12
30
43
13
99
12
56
1
94
21
70
10
71
41
10
3
53
18
71
67
13
11
14
58
62
77
97
84
84
82
85
77
15
43
80
97
35
98
92
90
41
98
33
13
75
45
30
58
87
9
58
31
94
65
9
72
6
72
97
26
96
99
100
18
61
79
66
49
27
50
41
43
24
74
75
25
56
99
77
27
63
96
100
37
44
68
77
50
52
80
6
95
37
80
3
90
37
33
80
88
30
27
98
84
27
23
45
35
75
8
91
39
25
74
89
53
85
83
97
39
16
57
56
64
91
73
12
15
13
38
85
38
40
69
62
79
34
3
75
53
24
87
67
91
22
32
95
66
19
38
44
95
8
55
77
95
45
89
49
31
1
60
2
30
79
46
72
20
78
39
72
77
48
22
37
50
30
77
48
11
51
2
37
57
35
80
21
68
8
86
30
22
99
53
33
33
56
29
2
48
30
97
57
52
75
33
69
79
58
67
77
67
63
15
77
38
39
84
42
85
23
72
93
18
22
95
78
38
26
72
58
12
6
25
27
67
68
84
83
83
13
31
79
49
16
100
92
27
22
91
48
40
26
29
89
81
40
44
61
22
15
73
18
74
58
45
57
49
31
29
99
48
24
47
3
98
34
38
90
72
2
46
85
58
79
23
6
49
4
49
60
66
32
48
31
13
68
97
23
89
9
29
45
84
49
10
29
50
93
60
42
87
22
71
68
34
74
36
38
9
64
38
13
8
18
45
61
10
39
59
73
42
82
8
74
15
91
5
76
29
9
97
13
20
33
39
51
33
53
84
80
70
74
6
65
89
85
93
56
32
27
69
98
81
63
59
98
2
75
57
64
84
25
96
100
63
27
50
11
51
88
11
85
54
97
64
61
70
36
20
79
6
25
85
70
36
89
32
42
24
67
85
93
8
9
28
52
44
21
43
73
57
26
18
50
96
91
47
99
23
53
39
67
73
19
63
10
47
94
80
1
80
18
16
98
87
71
71
25
42
75
100
81
29
70
82
7
6
49
50
9
45
89
95
49
57
6
2
60
93
11
5
40
83
68
27
85
43
71
28
12
38
77
26
70
73
21
12
43
63
67
17
10
41
10
45
98
70
42
93
16
94
32
30
47
38
78
17
25
64
3
2
29
31
94
44
42
79
71
21
1
27
76
10
67
51
42
86
53
84
80
42
37
92
56
15
64
17
78
28
56
60
3
37
56
36
9
88
95
57
61
61
66
31
29
32
71
77
70
10
74
76
44
32
28
86
32
10
5
95
53
41
42
20
67
12
71
56
47
58
2
73
34
42
1
25
80
78
49
59
64
50
57
43
24
69
55
51
56
60
63
95
64
18
94
14
90
68
67
4
14
83
97
77
46
56
4
32
18
94
89
66
79
84
33
77
37
88
23
74
92
53
25
98
1
82
3
40
68
96
54
90
45
98
2
63
16
69
44
25
5
43
85
24
2
66
26
12
74
62
64
98
36
45
17
28
37
78
34
2
65
39
58
84
51
25
3
25
8
86
27
79
96
29
98
24
53
87
30
11
90
58
14
33
12
37
29
40
27
96
20
48
92
15
39
71
64
86
2
68
45
37
50
5
46
52
1
97
32
28
54
21
49
27
40
92
30
16
71
13
58
5
88
88
47
11
57
31
30
58
97
33
69
29
64
52
80
26
20
30
19
64
93
44
41
4
38
30
60
72
13
20
43
75
94
48
22
84
21
34
68
8
77
31
44
20
8
7
87
80
57
1
19
48
1
85
9
11
78
90
40
55
81
77
86
66
86
10
53
56
94
8
3
16
76
21
99
50
73
36
69
31
91
5
52
9
75
54
8
25
92
54
54
58
95
82
63
10
6
11
82
64
100
72
70
91
79
31
86
5
21
47
16
29
24