10000
1
271
366
474
2
231
597
3
936
254
447
151
568
700
4
718
721
726
625
429
718
241
579
909
629
777
506
846
313
568
604
153
451
418
847
845
40
864
921
476
533
427
632
827
187
466
298
382
898
830
841
377
383
868
37
461
222
727
421
601
971
564
334
332
558
842
791
563
584
438
203
803
839
265
192
795
767
794
228
297
681
247
572
680
694
351
153
151
822
812
821
602
523
651
75
497
575
780
697
128
380
716
143
30
2
592
944
573
527
846
278
884
516
957
451
229
504
300
968
514
301
797
489
614
783
731
388
660
698
228
824
935
381
718
951
517
14
844
346
111
689
429
665
783
554
540
35
293
500
923
514
994
932
289
640
263
827
721
908
822
807
697
293
120
3
833
727
955
628
539
194
239
866
958
967
479
528
466
994
176
203
801
133
687
446
480
236
82
319
379
164
696
851
167
185
535
715
591
444
345
689
54
239
535
200
880
81
765
969
634
8
686
674
452
192
482
65
550
458
463
864
772
329
542
747
685
604
791
709
716
893
209
142
810
153
126
769
711
373
838
823
799
831
929
316
46
775
289
124
993
17
841
1
746
809
356
683
994
697
896
424
505
232
942
668
178
702
416
96
595
863
636
460
196
267
304
544
556
702
875
456
804
699
618
610
579
556
604
764
950
13
344
137
1009
660
328
387
529
565
608
515
177
382
180
163
246
555
891
714
599
730
713
631
484
577
778
664
851
807
405
488
750
729
598
333
1002
73
93
929
754
485
435
12
903
803
545
440
950
599
613
672
88
347
971
766
200
210
394
582
772
144
121
16
570
729
639
220
565
193
894
439
593
416
707
596
809
967
264
456
13
340
264
408
725
946
37
723
2
970
715
804
36
123
961
903
37
253
567
522
55
410
808
615
60
582
589
270
336
87
855
724
597
336
616
58
28
291
786
417
119
246
7
350
730
506
408
920
812
923
732
244
474
1009
134
956
763
983
267
602
704
837
770
108
78
959
408
320
664
184
20
322
997
151
792
825
387
698
22
535
682
592
155
994
486
12
379
678
999
116
228
372
841
21
21
983
67
1002
378
227
803
960
274
627
755
138
882
434
20
453
214
390
24
437
94
226
529
19
865
592
356
670
425
279
657
416
168
132
122
702
839
851
282
801
179
273
335
176
593
743
854
343
329
938
688
40
239
151
723
83
137
540
17
464
21
458
119
808
490
1002
803
58
949
217
712
872
615
533
970
506
907
728
727
947
1003
199
239
579
684
410
1007
630
574
506
629
498
728
398
352
755
47
220
605
688
494
632
845
390
747
291
381
653
100
891
544
705
866
336
853
638
293
290
34
280
157
419
334
19
397
438
682
40
31
530
524
562
130
785
663
200
170
217
883
211
539
907
537
377
146
734
930
745
709
939
2
81
768
70
546
713
586
602
134
748
24
171
371
781
905
343
255
375
927
871
912
216
390
264
866
713
646
420
239
978
102
732
22
240
732
506
884
952
389
582
479
597
345
204
665
823
508
606
768
652
873
378
206
510
380
610
364
268
11
881
209
923
826
403
248
650
163
697
157
333
888
175
110
304
26
600
373
160
697
705
624
296
712
292
250
248
15
980
319
173
822
666
335
434
305
911
123
981
753
817
730
385
175
875
344
44
779
684
801
289
850
995
887
44
872
998
2
598
326
642
626
800
656
294
550
834
567
981
715
496
309
836
227
953
633
514
16
917
406
830
135
114
5
788
278
962
763
419
791
335
793
364
689
6
760
57
251
425
831
638
928
339
542
578
553
788
675
946
599
347
441
386
538
248
618
1000
69
741
998
712
305
395
822
677
581
48
770
892
113
529
240
645
566
58
55
294
62
249
530
685
875
974
567
891
499
941
625
633
234
446
164
191
144
281
675
375
272
302
529
856
662
69
838
424
626
1001
1003
872
917
737
505
743
182
114
407
27
593
48
353
854
930
154
866
89
636
896
691
125
914
867
125
987
115
354
894
558
13
142
243
738
688
513
472
475
286
528
318
409
588
807
39
764
108
928
263
872
456
35
529
966
114
883
693
967
828
556
233
1007
488
981
783
655
495
541
67
86
27
34
723
335
900
270
65
388
123
250
461
960
455
388
997
943
283
739
123
412
306
439
858
7
614
629
621
10
108
626
140
76
196
360
950
55
870
831
855
550
937
698
568
581
770
994
47
315
184
30
263
426
826
151
125
844
766
980
173
125
809
503
645
464
572
755
842
527
974
189
955
730
185
807
326
137
982
252
820
88
964
686
809
671
283
87
878
108
719
415
279
988
65
162
216
957
666
476
371
177
956
63
262
876
766
522
581
122
801
551
287
579
389
163
835
826
978
322
449
902
266
787
462
530
765
719
232
224
790
78
271
503
329
158
566
459
890
547
836
762
193
406
435
991
105
888
895
170
575
184
451
615
766
833
331
644
59
139
161
999
112
86
631
827
432
828
413
592
569
242
306
816
584
300
662
219
175
243
604
46
17
281
951
792
1001
263
665
906
101
302
630
102
982
414
238
116
731
590
150
943
189
1002
235
995
252
949
946
722
549
55
80
51
932
356
685
353
204
639
95
708
28
485
394
733
190
595
192
419
329
778
507
323
220
579
278
403
808
650
101
819
976
446
511
266
373
65
218
788
320
728
982
1006
476
851
392
513
540
838
875
149
595
234
816
413
720
437
787
917
990
646
500
374
194
956
838
232
103
181
930
625
512
667
623
521
16
499
780
6
397
745
618
787
849
510
879
478
222
138
287
681
788
81
431
538
905
6
682
763
803
22
269
465
6
529
237
421
61
615
386
989
338
725
930
448
536
791
627
339
339
502
368
389
754
331
342
302
114
429
148
223
283
816
504
297
529
817
644
193
834
628
844
883
664
64
348
300
922
873
360
782
454
650
106
891
732
170
291
618
806
54
677
419
850
850
110
52
724
511
410
674
29
351
172
341
469
167
796
890
15
506
816
402
775
513
517
653
599
589
290
978
217
95
98
99
708
868
671
748
342
794
105
606
436
632
753
379
734
947
792
657
451
487
329
387
125
438
845
483
107
943
994
801
335
308
348
115
478
266
661
121
802
287
36
944
40
944
657
982
263
417
354
336
271
692
607
686
466
412
804
814
625
32
326
738
546
405
21
973
343
120
164
405
889
393
558
964
652
979
257
793
773
984
59
714
836
726
969
14
418
656
1003
766
562
31
260
487
943
389
498
223
199
980
243
976
147
402
583
219
591
191
319
769
64
945
925
832
553
622
546
130
446
626
715
853
808
277
233
782
36
851
800
906
233
214
947
4
562
1000
670
366
486
710
467
215
651
802
711
781
450
581
781
646
554
70
139
692
243
193
778
901
487
107
65
551
728
436
582
17
847
6
85
108
15
860
873
886
56
598
607
430
753
437
753
217
354
415
580
277
793
848
268
216
11
398
402
890
65
184
241
687
298
167
451
486
604
632
587
546
419
721
388
983
991
257
930
277
219
635
675
891
464
584
821
168
474
395
805
704
102
818
58
348
604
426
71
410
792
960
750
598
281
308
162
232
982
503
177
302
590
401
428
413
212
981
298
65
913
480
62
587
904
103
148
828
294
36
950
463
363
954
182
45
12
713
384
512
222
664
172
303
577
7
225
748
248
152
881
208
301
246
778
424
503
510
546
71
300
188
493
463
741
853
101
590
679
609
481
977
209
15
53
301
9
607
423
846
909
67
897
754
125
198
608
623
189
47
705
609
580
664
860
490
769
190
357
818
463
5
581
208
877
183
711
153
384
393
917
995
464
53
672
626
607
438
325
807
63
257
75
973
390
427
166
600
495
339
592
477
220
388
161
362
897
629
871
372
646
449
479
40
440
478
521
22
845
639
1001
894
278
744
222
834
153
183
699
463
666
600
924
267
794
454
877
879
945
657
767
666
760
730
932
426
591
443
366
570
323
730
332
563
453
938
501
144
468
823
870
138
273
220
42
114
337
54
239
992
256
133
423
125
415
58
17
350
102
207
108
749
470
631
742
955
305
233
640
431
473
161
290
729
767
849
772
878
272
14
945
40
825
849
169
530
115
579
618
151
194
905
5
484
198
825
786
128
570
517
115
153
247
628
706
750
24
882
299
777
571
210
925
307
209
544
534
404
845
756
303
935
435
608
385
451
244
994
462
575
479
539
841
707
411
304
673
143
398
633
360
671
295
818
924
528
5
857
589
615
897
268
338
1009
349
708
539
328
221
372
566
883
306
879
901
407
778
543
821
254
315
780
821
568
647
193
298
678
18
986
915
552
427
453
376
539
206
236
14
502
598
731
469
906
67
168
810
363
915
994
811
978
950
986
705
982
139
988
830
791
443
596
374
863
643
498
309
65
747
473
237
242
542
17
831
969
113
766
950
697
512
511
273
650
433
469
853
306
83
266
728
606
40
156
736
452
730
734
308
518
410
772
529
164
796
817
781
834
190
734
838
944
95
385
794
696
4
411
251
624
109
376
163
461
476
279
43
260
470
843
711
666
955
662
740
611
463
292
660
145
520
87
905
612
2
87
661
1010
597
44
223
71
488
705
28
75
417
44
137
373
916
336
634
965
514
251
48
983
150
701
906
107
834
297
230
346
46
134
648
233
86
810
972
856
862
288
979
340
1010
393
213
83
151
812
867
243
218
747
524
226
520
762
335
66
551
585
145
66
660
625
285
727
141
795
279
927
66
370
600
848
725
196
822
437
418
1006
291
711
552
22
967
673
272
18
550
865
927
480
957
706
223
800
719
108
931
439
128
298
224
325
66
941
238
760
844
34
571
495
256
33
618
724
737
3
540
735
876
955
373
941
187
92
318
729
276
71
114
280
860
455
387
804
350
828
845
186
688
577
397
978
770
816
404
335
38
971
947
856
245
702
734
996
267
851
222
140
298
257
508
210
386
690
913
603
304
399
831
191
943
416
344
700
497
963
657
232
552
841
492
175
728
325
552
256
551
199
905
26
162
502
252
57
66
314
884
925
89
148
663
179
327
873
58
59
376
470
913
84
860
283
801
742
837
679
79
86
211
268
156
47
972
268
652
718
904
919
658
411
839
88
756
733
90
904
799
368
138
59
569
18
340
173
514
534
839
648
877
664
546
309
490
313
751
604
953
86
464
246
983
61
179
586
725
595
504
594
963
108
17
297
520
690
59
627
217
779
663
642
299
75
593
386
203
49
782
543
1007
679
683
445
996
796
540
502
880
898
642
691
127
273
715
642
449
543
508
113
442
834
535
5
1007
551
877
978
621
898
960
184
46
473
5
92
733
930
873
889
937
814
758
721
1006
563
103
521
900
377
394
780
916
604
578
56
966
349
356
418
470
647
615
437
8
880
166
837
497
103
619
504
993
602
19
712
250
961
901
421
715
798
93
34
388
512
83
119
255
741
1006
1004
668
674
833
804
415
48
461
832
283
591
492
81
958
589
661
849
588
26
524
865
49
745
933
278
489
875
75
311
628
8
538
327
876
188
729
503
875
386
653
391
355
767
220
512
69
482
992
606
899
506
329
878
400
131
651
338
86
415
153
96
246
501
15
258
543
348
980
328
357
276
927
382
721
576
867
35
918
955
430
986
756
732
180
707
13
774
170
709
464
424
484
22
228
218
494
804
590
893
367
88
120
972
305
302
229
428
715
359
982
483
538
733
898
1006
634
380
755
187
319
583
8
81
567
266
924
925
41
524
878
192
717
392
124
934
986
849
435
299
116
715
506
374
971
552
742
522
181
302
572
789
560
415
870
502
393
224
656
992
74
213
239
685
838
893
649
759
825
850
987
576
947
94
911
537
1009
363
679
237
903
749
389
266
213
636
303
405
672
444
369
441
960
489
256
143
445
201
778
761
302
719
561
484
211
375
356
113
340
772
656
763
643
330
248
12
166
362
331
818
947
167
888
307
627
792
244
55
16
180
747
561
431
198
642
344
903
267
116
877
257
214
253
996
381
398
14
133
265
354
891
293
507
324
837
429
220
371
885
674
942
651
23
846
957
681
192
314
297
400
880
881
359
735
988
345
229
58
444
77
616
434
607
549
157
780
707
897
849
137
837
11
151
583
500
473
939
873
981
40
1006
702
415
812
107
394
407
888
608
291
350
11
732
170
207
868
484
683
86
613
445
117
369
950
451
689
502
883
695
884
453
275
35
942
807
138
21
812
169
567
326
53
171
378
718
200
101
489
191
703
160
996
782
957
870
539
554
752
423
820
502
949
874
418
651
619
413
307
735
728
438
264
897
454
158
216
792
849
238
876
957
814
568
990
738
556
436
681
163
776
959
682
766
994
761
38
229
800
787
986
708
168
445
217
622
488
880
611
250
1007
641
880
289
26
76
640
285
908
435
587
79
248
838
896
541
547
313
545
454
775
611
375
578
560
311
610
589
328
857
1000
320
987
116
494
28
763
676
853
434
831
670
422
468
95
507
380
692
986
588
1008
709
240
65
245
113
742
326
495
506
452
474
42
837
765
372
425
992
509
227
588
169
995
38
686
970
826
939
283
744
466
407
1000
500
191
512
229
686
506
210
406
15
599
353
360
27
650
128
730
447
455
105
976
545
631
1003
608
71
302
627
208
93
532
262
999
731
273
457
609
438
722
445
518
438
724
649
226
7
370
192
980
100
685
534
685
949
119
91
313
16
907
551
747
601
27
536
751
992
860
172
460
874
745
21
910
555
455
741
532
653
571
633
505
399
63
680
410
472
595
572
114
753
470
431
870
443
799
224
298
443
564
162
210
904
251
736
379
962
193
716
148
490
959
284
740
621
380
699
274
418
191
321
870
364
444
237
148
381
423
187
43
618
417
419
538
149
627
785
676
62
651
687
883
112
189
727
768
930
96
313
30
416
889
831
171
695
847
314
879
334
252
718
32
337
557
781
532
152
561
1
897
278
77
551
763
97
884
21
167
987
980
643
947
107
478
52
293
176
70
228
681
434
271
302
690
888
842
16
189
94
554
16
366
324
910
192
760
642
61
595
358
682
209
930
642
769
693
109
614
994
920
26
654
870
686
203
766
701
15
885
637
138
108
125
537
346
966
524
648
897
445
389
645
389
247
821
125
224
944
600
276
879
308
827
90
246
470
408
249
564
784
188
945
124
631
979
547
690
47
388
845
184
691
17
247
606
963
768
574
165
670
421
495
409
112
592
123
225
522
282
257
411
810
755
626
595
558
935
621
910
98
45
410
981
427
79
321
168
827
58
702
48
487
441
786
824
452
703
3
213
842
623
244
855
702
209
490
282
571
354
773
587
886
148
224
746
983
201
372
405
943
410
367
590
1005
950
304
942
92
923
650
423
594
360
706
388
154
677
997
697
932
915
875
941
359
105
902
235
254
844
602
131
837
841
305
389
372
469
955
460
590
891
608
981
791
543
41
36
956
177
219
675
328
572
498
497
512
370
700
997
800
367
305
78
869
201
118
738
449
258
314
682
369
832
23
649
907
644
663
141
657
239
748
591
484
841
687
390
223
321
877
909
820
423
308
344
970
930
325
292
715
971
923
42
418
878
38
699
538
651
110
215
411
229
922
91
292
727
832
976
595
71
536
113
105
666
900
546
597
924
209
80
24
446
301
189
458
723
861
723
419
936
781
38
292
757
407
168
23
231
767
733
103
894
992
494
289
126
128
318
107
78
178
46
433
988
818
324
620
410
673
204
86
378
195
864
514
304
67
613
198
614
315
822
266
541
852
383
1004
747
495
275
166
599
756
141
476
444
189
534
901
653
21
177
509
562
313
488
63
49
751
17
347
391
344
127
947
16
710
169
565
111
358
167
516
521
1010
430
878
769
261
248
294
562
860
37
166
740
751
364
162
186
987
826
801
787
918
944
124
10
181
322
738
328
470
293
990
457
591
978
144
817
569
479
647
502
439
989
173
969
897
432
405
216
160
294
818
765
308
433
66
184
544
93
324
966
284
682
393
1000
75
311
642
302
201
429
427
81
259
88
241
586
734
502
494
665
626
746
667
29
975
752
414
198
137
707
875
200
176
1008
352
490
474
846
70
379
511
461
681
980
278
387
853
715
229
835
880
888
225
168
653
9
524
928
48
900
538
402
714
698
518
606
406
102
276
613
952
154
754
208
613
259
120
231
695
894
843
879
963
840
625
50
582
549
375
503
554
446
817
101
846
671
127
44
470
349
57
971
668
420
129
408
191
328
436
40
843
628
260
500
560
611
610
40
104
220
316
885
682
884
819
748
565
958
824
454
385
936
84
362
585
350
864
46
767
190
29
448
47
994
31
516
249
426
1004
18
163
28
435
677
7
373
876
850
261
680
757
506
301
86
937
93
748
425
371
795
538
411
513
878
996
264
219
408
384
486
536
977
608
289
501
738
698
682
324
492
368
758
520
970
419
620
253
874
573
680
742
541
510
599
782
458
133
378
310
474
322
486
936
827
137
372
957
60
14
55
617
878
77
900
999
304
48
921
678
782
992
60
573
666
700
737
497
384
964
740
175
246
640
100
322
389
1
402
273
520
289
683
210
29
314
194
573
58
615
554
679
1001
826
5
53
518
178
122
157
945
162
564
970
260
876
711
29
269
1003
700
893
753
477
206
852
397
809
723
618
100
80
766
612
582
449
790
677
334
865
725
710
543
7
604
941
333
570
865
998
695
915
671
819
105
604
567
783
908
939
491
104
686
529
250
896
397
372
116
769
258
376
970
56
403
537
855
815
304
294
615
597
850
697
438
507
773
75
118
424
186
270
592
470
89
438
532
102
511
629
687
234
271
831
130
474
779
650
237
994
397
357
752
416
379
109
243
212
375
222
912
915
786
358
457
232
124
507
40
502
534
660
322
114
533
262
720
693
52
20
967
751
179
860
203
197
631
576
837
293
403
864
155
10
264
15
713
307
139
323
620
204
448
764
592
757
676
493
803
757
1007
164
826
948
372
133
749
415
414
63
702
645
12
331
718
52
454
907
513
88
771
256
126
746
633
341
894
126
530
408
447
201
691
336
449
306
467
268
92
370
239
810
32
572
848
210
255
659
545
814
618
981
635
426
403
393
173
323
814
561
161
339
971
585
870
575
76
673
987
45
634
596
168
111
421
796
443
629
604
728
748
28
147
676
846
82
575
783
656
290
595
462
638
451
429
220
743
348
569
379
119
346
937
677
108
540
959
659
354
1001
7
984
594
467
713
142
22
79
183
655
639
26
841
477
258
88
971
797
913
451
823
625
696
648
537
463
289
241
211
930
571
796
571
543
613
786
837
414
593
613
289
390
23
643
578
498
301
232
497
468
382
384
510
724
594
455
75
812
632
244
977
1010
389
874
385
846
856
136
663
226
663
280
383
615
223
309
258
342
749
372
636
72
418
704
195
328
547
533
341
525
807
506
863
305
743
965
211
23
845
904
885
816
359
134
857
500
245
68
31
154
676
695
760
152
840
353
597
404
888
69
341
215
873
643
678
71
394
846
884
879
283
341
359
766
565
936
602
116
812
924
906
894
6
920
131
906
265
660
366
357
580
979
848
684
648
104
465
869
235
659
24
840
991
177
190
444
10
68
469
245
789
976
382
604
496
132
795
296
926
302
726
805
428
399
503
726
678
387
319
279
608
937
434
248
12
816
516
351
227
727
712
92
219
149
982
730
992
391
588
725
568
486
866
83
674
738
494
330
303
267
894
68
665
885
699
438
684
106
127
784
1008
448
904
305
701
916
401
562
498
345
681
865
874
99
991
209
260
619
602
70
455
822
358
813
318
624
436
510
566
622
999
445
318
195
585
81
509
559
925
867
282
111
966
663
599
827
335
762
925
788
860
510
64
801
414
186
811
489
888
838
307
559
45
908
41
639
653
862
959
808
551
896
969
466
936
187
399
753
792
447
397
601
101
455
765
747
581
853
697
13
745
458
237
849
609
111
907
161
448
308
383
203
662
898
248
865
954
664
934
811
912
860
145
316
778
779
788
395
289
990
364
584
965
191
407
611
82
935
820
730
441
288
609
917
432
924
715
455
170
510
20
21
203
942
410
978
238
402
291
775
550
797
844
129
296
793
76
353
41
320
549
723
742
720
437
87
369
699
535
356
95
956
924
481
231
161
386
435
462
772
146
198
413
625
549
798
534
714
473
292
622
243
18
372
379
284
406
695
150
624
624
309
723
990
301
732
84
334
218
481
879
406
158
666
469
255
138
254
557
838
471
437
113
321
72
217
726
848
115
280
666
483
843
318
805
563
83
235
703
860
722
44
533
285
397
198
918
976
919
286
986
683
940
805
907
1006
905
7
691
255
59
637
317
221
610
498
869
301
980
252
806
910
557
840
508
528
649
747
444
784
712
764
854
331
991
721
32
903
404
893
781
258
525
1007
200
488
525
837
514
325
963
962
19
4
586
410
360
93
744
492
826
223
419
712
574
820
500
482
967
181
10
876
64
642
94
1007
327
387
371
585
281
89
648
360
322
805
636
452
547
15
739
439
491
111
732
637
944
258
350
556
847
89
450
609
896
453
695
810
928
269
957
240
945
1000
8
64
887
462
173
718
646
513
2
155
218
168
203
492
379
327
652
783
396
641
731
810
95
971
139
479
921
284
819
707
600
163
294
356
928
799
72
555
366
113
744
868
23
330
112
455
791
623
181
573
968
208
868
451
329
94
15
468
602
391
909
778
725
998
669
690
187
520
451
162
571
947
799
353
904
460
273
63
380
904
798
674
903
682
820
376
223
335
729
49
662
638
560
891
287
21
337
14
706
625
913
137
166
79
730
653
5
299
456
237
289
879
103
337
824
201
5
614
438
459
527
800
720
456
485
235
940
927
660
830
658
846
756
910
777
559
697
525
719
950
567
440
584
671
493
141
120
133
492
189
858
408
883
459
661
876
763
17
664
570
958
317
39
301
45
351
606
86
787
649
55
909
113
10
334
374
371
286
511
706
98
309
728
104
528
937
407
152
990
286
337
791
259
157
418
441
130
194
984
608
499
187
831
273
190
95
204
121
527
821
67
631
423
935
745
36
688
563
268
42
52
600
224
174
638
546
492
498
505
268
142
973
71
228
61
882
987
793
738
509
767
917
461
678
341
603
348
594
52
308
240
117
674
704
692
159
370
865
349
530
899
720
514
508
433
55
957
81
495
381
974
338
846
461
15
535
735
913
21
926
277
919
143
512
806
156
595
570
86
1000
182
666
960
350
14
415
65
440
471
580
740
1005
871
86
495
140
196
724
56
252
993
467
641
948
990
576
953
315
82
402
267
882
20
334
771
295
569
519
170
844
510
711
426
258
387
751
290
993
749
524
688
972
80
869
814
436
983
856
128
773
615
547
907
182
925
262
477
487
485
463
279
542
939
380
996
35
307
690
122
153
324
517
150
269
329
450
302
830
901
490
10
45
271
366
474
743
231
597
763
936
254
447
151
568
700
507
718
721
726
625
429
718
241
579
909
629
777
506
846
313
568
604
153
451
418
847
845
40
864
921
476
533
427
632
827
187
466
298
382
898
830
841
377
383
868
37
461
222
727
421
601
971
564
334
332
558
842
791
563
584
438
203
803
839
265
192
795
767
794
228
297
681
247
572
680
694
351
153
151
822
812
821
602
523
651
75
497
575
780
697
128
380
716
143
30
2
592
944
573
527
846
278
884
516
957
451
229
504
300
968
514
301
797
489
614
783
731
388
660
698
228
824
935
381
718
951
517
14
844
346
111
689
429
665
783
554
540
35
293
500
923
514
994
932
289
640
263
827
721
908
822
807
697
293
120
3
833
727
955
628
539
194
239
866
958
967
479
528
466
994
176
203
801
133
687
446
480
236
82
319
379
164
696
851
167
185
535
715
591
444
345
689
54
239
535
200
880
81
765
969
634
8
686
674
452
192
482
65
550
458
463
864
772
329
542
747
685
604
791
709
716
893
209
142
810
153
126
769
711
373
838
823
799
831
929
316
46
775
289
124
993
17
841
1
746
809
356
683
994
697
896
424
505
232
942
668
178
702
416
96
595
863
636
460
196
267
304
544
556
702
875
456
804
699
618
610
579
556
604
764
950
13
344
137
1009
660
328
387
529
565
608
515
177
382
180
163
246
555
891
714
599
730
713
631
484
577
778
664
851
807
405
488
750
729
598
333
1002
73
93
929
754
485
435
12
903
803
545
440
950
599
613
672
88
347
971
766
200
210
394
582
772
144
121
16
570
729
639
220
565
193
894
439
593
416
707
596
809
967
264
456
13
340
264
408
725
946
37
723
2
970
715
804
36
123
961
903
37
253
567
522
55
410
808
615
60
582
589
270
336
87
855
724
597
336
616
58
28
291
786
417
119
246
7
350
730
506
408
920
812
923
732
244
474
1009
134
956
763
983
267
602
704
837
770
108
78
959
408
320
664
184
20
322
997
151
792
825
387
698
22
535
682
592
155
994
486
12
379
678
999
116
228
372
841
21
21
983
67
1002
378
227
803
960
274
627
755
138
882
434
20
453
214
390
24
437
94
226
529
19
865
592
356
670
425
279
657
416
168
132
122
702
839
851
282
801
179
273
335
176
593
743
854
343
329
938
688
40
239
151
723
83
137
540
17
464
21
458
119
808
490
1002
803
58
949
217
712
872
615
533
970
506
907
728
727
947
1003
199
239
579
684
410
1007
630
574
506
629
498
728
398
352
755
47
220
605
688
494
632
845
390
747
291
381
653
100
891
544
705
866
336
853
638
293
290
34
280
157
419
334
19
397
438
682
40
31
530
524
562
130
785
663
200
170
217
883
211
539
907
537
377
146
734
930
745
709
939
2
81
768
70
546
713
586
602
134
748
24
171
371
781
905
343
255
375
927
871
912
216
390
264
866
713
646
420
239
978
102
732
22
240
732
506
884
952
389
582
479
597
345
204
665
823
508
606
768
652
873
378
206
510
380
610
364
268
11
881
209
923
826
403
248
650
163
697
157
333
888
175
110
304
26
600
373
160
697
705
624
296
712
292
250
248
15
980
319
173
822
666
335
434
305
911
123
981
753
817
730
385
175
875
344
44
779
684
801
289
850
995
887
44
872
998
2
598
326
642
626
800
656
294
550
834
567
981
715
496
309
836
227
953
633
514
16
917
406
830
135
114
5
788
278
962
763
419
791
335
793
364
689
6
760
57
251
425
831
638
928
339
542
578
553
788
675
946
599
347
441
386
538
248
618
1000
69
741
998
712
305
395
822
677
581
48
770
892
113
529
240
645
566
58
55
294
62
249
530
685
875
974
567
891
499
941
625
633
234
446
164
191
144
281
675
375
272
302
529
856
662
69
838
424
626
1001
1003
872
917
737
505
743
182
114
407
27
593
48
353
854
930
154
866
89
636
896
691
125
914
867
125
987
115
354
894
558
13
142
243
738
688
513
472
475
286
528
318
409
588
807
39
764
108
928
263
872
456
35
529
966
114
883
693
967
828
556
233
1007
488
981
783
655
495
541
67
86
27
34
723
335
900
270
65
388
123
250
461
960
455
388
997
943
283
739
123
412
306
439
858
7
614
629
621
10
108
626
140
76
196
360
950
55
870
831
855
550
937
698
568
581
770
994
47
315
184
30
263
426
826
151
125
844
766
980
173
125
809
503
645
464
572
755
842
527
974
189
955
730
185
807
326
137
982
252
820
88
964
686
809
671
283
87
878
108
719
415
279
988
65
162
216
957
666
476
371
177
956
63
262
876
766
522
581
122
801
551
287
579
389
163
835
826
978
322
449
902
266
787
462
530
765
719
232
224
790
78
271
503
329
158
566
459
890
547
836
762
193
406
435
991
105
888
895
170
575
184
451
615
766
833
331
644
59
139
161
999
112
86
631
827
432
828
413
592
569
242
306
816
584
300
662
219
175
243
604
46
17
281
951
792
1001
263
665
906
101
302
630
102
982
414
238
116
731
590
150
943
189
1002
235
995
252
949
946
722
549
55
80
51
932
356
685
353
204
639
95
708
28
485
394
733
190
595
192
419
329
778
507
323
220
579
278
403
808
650
101
819
976
446
511
266
373
65
218
788
320
728
982
1006
476
851
392
513
540
838
875
149
595
234
816
413
720
437
787
917
990
646
500
374
194
956
838
232
103
181
930
625
512
667
623
521
16
499
780
6
397
745
618
787
849
510
879
478
222
138
287
681
788
81
431
538
905
6
682
763
803
22
269
465
6
529
237
421
61
615
386
989
338
725
930
448
536
791
627
339
339
502
368
389
754
331
342
302
114
429
148
223
283
816
504
297
529
817
644
193
834
628
844
883
664
64
348
300
922
873
360
782
454
650
106
891
732
170
291
618
806
54
677
419
850
850
110
52
724
511
410
674
29
351
172
341
469
167
796
890
15
506
816
402
775
513
517
653
599
589
290
978
217
95
98
99
708
868
671
748
342
794
105
606
436
632
753
379
734
947
792
657
451
487
329
387
125
438
845
483
107
943
994
801
335
308
348
115
478
266
661
121
802
287
36
944
40
944
657
982
263
417
354
336
271
692
607
686
466
412
804
814
625
32
326
738
546
405
21
973
343
120
164
405
889
393
558
964
652
979
257
793
773
984
59
714
836
726
969
14
418
656
1003
766
562
31
260
487
943
389
498
223
199
980
243
976
147
402
583
219
591
191
319
769
64
945
925
832
553
622
546
130
446
626
715
853
808
277
233
782
36
851
800
906
233
214
947
4
562
1000
670
366
486
710
467
215
651
802
711
781
450
581
781
646
554
70
139
692
243
193
778
901
487
107
65
551
728
436
582
17
847
6
85
108
15
860
873
886
56
598
607
430
753
437
753
217
354
415
580
277
793
848
268
216
11
398
402
890
65
184
241
687
298
167
451
486
604
632
587
546
419
721
388
983
991
257
930
277
219
635
675
891
464
584
821
168
474
395
805
704
102
818
58
348
604
426
71
410
792
960
750
598
281
308
162
232
982
503
177
302
590
401
428
413
212
981
298
65
913
480
62
587
904
103
148
828
294
36
950
463
363
954
182
45
12
713
384
512
222
664
172
303
577
7
225
748
248
152
881
208
301
246
778
424
503
510
546
71
300
188
493
463
741
853
101
590
679
609
481
977
209
15
53
301
9
607
423
846
909
67
897
754
125
198
608
623
189
47
705
609
580
664
860
490
769
190
357
818
463
5
581
208
877
183
711
153
384
393
917
995
464
53
672
626
607
438
325
807
63
257
75
973
390
427
166
600
495
339
592
477
220
388
161
362
897
629
871
372
646
449
479
40
440
478
521
22
845
639
1001
894
278
744
222
834
153
183
699
463
666
600
924
267
794
454
877
879
945
657
767
666
760
730
932
426
591
443
366
570
323
730
332
563
453
938
501
144
468
823
870
138
273
220
42
114
337
54
239
992
256
133
423
125
415
58
17
350
102
207
108
749
470
631
742
955
305
233
640
431
473
161
290
729
767
849
772
878
272
14
945
40
825
849
169
530
115
579
618
151
194
905
5
484
198
825
786
128
570
517
115
153
247
628
706
750
24
882
299
777
571
210
925
307
209
544
534
404
845
756
303
935
435
608
385
451
244
994
462
575
479
539
841
707
411
304
673
143
398
633
360
671
295
818
924
528
5
857
589
615
897
268
338
1009
349
708
539
328
221
372
566
883
306
879
901
407
778
543
821
254
315
780
821
568
647
193
298
678
18
986
915
552
427
453
376
539
206
236
14
502
598
731
469
906
67
168
810
363
915
994
811
978
950
986
705
982
139
988
830
791
443
596
374
863
643
498
309
65
747
473
237
242
542
17
831
969
113
766
950
697
512
511
273
650
433
469
853
306
83
266
728
606
40
156
736
452
730
734
308
518
410
772
529
164
796
817
781
834
190
734
838
944
95
385
794
696
4
411
251
624
109
376
163
461
476
279
43
260
470
843
711
666
955
662
740
611
463
292
660
145
520
87
905
612
2
87
661
1010
597
44
223
71
488
705
28
75
417
44
137
373
916
336
634
965
514
251
48
983
150
701
906
107
834
297
230
346
46
134
648
233
86
810
972
856
862
288
979
340
1010
393
213
83
151
812
867
243
218
747
524
226
520
762
335
66
551
585
145
66
660
625
285
727
141
795
279
927
66
370
600
848
725
196
822
437
418
1006
291
711
552
22
967
673
272
18
550
865
927
480
957
706
223
800
719
108
931
439
128
298
224
325
66
941
238
760
844
34
571
495
256
33
618
724
737
3
540
735
876
955
373
941
187
92
318
729
276
71
114
280
860
455
387
804
350
828
845
186
688
577
397
978
770
816
404
335
38
971
947
856
245
702
734
996
267
851
222
140
298
257
508
210
386
690
913
603
304
399
831
191
943
416
344
700
497
963
657
232
552
841
492
175
728
325
552
256
551
199
905
26
162
502
252
57
66
314
884
925
89
148
663
179
327
873
58
59
376
470
913
84
860
283
801
742
837
679
79
86
211
268
156
47
972
268
652
718
904
919
658
411
839
88
756
733
90
904
799
368
138
59
569
18
340
173
514
534
839
648
877
664
546
309
490
313
751
604
953
86
464
246
983
61
179
586
725
595
504
594
963
108
17
297
520
690
59
627
217
779
663
642
299
75
593
386
203
49
782
543
1007
679
683
445
996
796
540
502
880
898
642
691
127
273
715
642
449
543
508
113
442
834
535
5
1007
551
877
978
621
898
960
184
46
473
5
92
733
930
873
889
937
814
758
721
1006
563
103
521
900
377
394
780
916
604
578
56
966
349
356
418
470
647
615
437
8
880
166
837
497
103
619
504
993
602
19
712
250
961
901
421
715
798
93
34
388
512
83
119
255
741
1006
1004
668
674
833
804
415
48
461
832
283
591
492
81
958
589
661
849
588
26
524
865
49
745
933
278
489
875
75
311
628
8
538
327
876
188
729
503
875
386
653
391
355
767
220
512
69
482
992
606
899
506
329
878
400
131
651
338
86
415
153
96
246
501
15
258
543
348
980
328
357
276
927
382
721
576
867
35
918
955
430
986
756
732
180
707
13
774
170
709
464
424
484
22
228
218
494
804
590
893
367
88
120
972
305
302
6
428
715
359
982
483
538
733
898
1006
634
380
755
187
319
583
8
5
567
266
924
925
41
524
878
192
717
392
124
934
986
849
435
299
116
715
4
374
971
552
742
522
181
302
572
789
560
415
870
502
393
224
3
992
74
213
239
685
838
893
649
759
825
850
987
576
947
94
911
537
1009
363
679
2
903
749
389
266
1
636
303
405
672
444
369
441
960
489
256
143
445
201
778
761
302
719
561
484
211
375
356
113
340
772
656
763
643
330
248
12
166
362
331
818
947
167
888
307
627
792
244
55
16
180
747
561
431
198
642
344
903
267
116
877
257
214
253
996
381
398
14
133
265
354
891
293
507
324
837
429
220
371
885
674
942
651
23
846
957
681
192
314
297
400
880
881
359
735
988
345
229
58
444
77
616
434
607
549
157
780
707
897
849
137
837
11
151
583
500
473
939
873
981
40
1006
702
415
812
107
394
407
888
608
291
350
11
732
170
207
868
484
683
86
613
445
117
369
950
451
689
502
883
695
884
453
275
35
942
807
138
21
812
169
567
326
53
171
378
718
200
101
489
191
703
160
996
782
957
870
539
554
752
423
820
502
949
874
418
651
619
413
307
735
728
438
264
897
454
158
216
792
849
238
876
957
814
568
990
738
556
436
681
163
776
959
682
766
994
761
38
229
800
787
986
708
168
445
217
622
488
880
611
250
1007
641
880
289
26
76
640
285
908
435
587
79
248
838
896
541
547
313
545
454
775
611
375
578
560
311
610
589
328
857
1000
320
987
116
494
28
763
676
853
434
831
670
422
468
95
507
380
692
986
588
1008
709
240
65
245
113
742
326
495
506
452
474
42
837
765
372
425
992
509
227
588
169
995
38
686
970
826
939
283
744
466
407
1000
500
191
512
229
686
506
210
406
15
599
353
360
27
650
128
730
447
455
105
976
545
631
1003
608
71
302
627
208
93
532
262
999
731
273
457
609
438
722
445
518
438
724
649
226
7
370
192
980
100
685
534
685
949
119
91
313
16
907
551
747
601
27
536
751
992
860
172
460
874
745
21
910
555
455
741
532
653
571
633
505
399
63
680
410
472
595
572
114
753
470
431
870
443
799
224
298
443
564
162
210
904
251
736
379
962
193
716
148
490
959
284
740
621
380
699
274
418
191
321
870
364
444
237
148
381
423
187
43
618
417
419
538
149
627
785
676
62
651
687
883
112
189
727
768
930
96
313
30
416
889
831
171
695
847
314
879
334
252
718
32
337
557
781
532
152
561
1
897
278
77
551
763
97
884
21
167
987
980
643
947
107
478
52
293
176
70
228
681
434
271
302
690
888
842
16
189
94
554
16
366
324
910
192
760
642
61
595
358
682
209
930
642
769
693
109
614
994
920
26
654
870
686
203
766
701
15
885
637
138
108
125
537
346
966
524
648
897
445
389
645
389
247
821
125
224
944
600
276
879
308
827
90
246
470
408
249
564
784
188
945
124
631
979
547
690
47
388
845
184
691
17
247
606
963
768
574
165
670
421
495
409
112
592
123
225
522
282
257
411
810
755
626
595
558
935
621
910
98
45
410
981
427
79
321
168
827
58
702
48
487
441
786
824
452
703
3
213
842
623
244
855
702
209
490
282
571
354
773
587
886
148
224
746
983
201
372
405
943
410
367
590
1005
950
304
942
92
923
650
423
594
360
706
388
154
677
997
697
932
915
875
941
359
105
902
235
254
844
602
131
837
841
305
389
372
469
955
460
590
891
608
981
791
543
41
36
956
177
219
675
328
572
498
497
512
370
700
997
800
367
305
78
869
201
118
738
449
258
314
682
369
832
23
649
907
644
663
141
657
239
748
591
484
841
687
390
223
321
877
909
820
423
308
344
970
930
325
292
715
971
923
42
418
878
38
699
538
651
110
215
411
229
922
91
292
727
832
976
595
71
536
113
105
666
900
546
597
924
209
80
24
446
301
189
458
723
861
723
419
936
781
38
292
757
407
168
23
231
767
733
103
894
992
494
289
126
128
318
107
78
178
46
433
988
818
324
620
410
673
204
86
378
195
864
514
304
67
613
198
614
315
822
266
541
852
383
1004
747
495
275
166
599
756
141
476
444
189
534
901
653
21
177
509
562
313
488
63
49
751
17
347
391
344
127
947
16
710
169
565
111
358
167
516
521
1010
430
878
769
261
248
294
562
860
37
166
740
751
364
162
186
987
826
801
787
918
944
124
10
181
322
738
328
470
293
990
457
591
978
144
817
569
479
647
502
439
989
173
969
897
432
405
216
160
294
818
765
308
433
66
184
544
93
324
966
284
682
393
1000
75
311
642
302
201
429
427
81
259
88
241
586
734
502
494
665
626
746
667
29
975
752
414
198
137
707
875
200
176
1008
352
490
474
846
70
379
511
461
681
980
278
387
853
715
229
835
880
888
225
168
653
9
524
928
48
900
538
402
714
698
518
606
406
102
276
613
952
154
754
208
613
259
120
231
695
894
843
879
963
840
625
50
582
549
375
503
554
446
817
101
846
671
127
44
470
349
57
971
668
420
129
408
191
328
436
40
843
628
260
500
560
611
610
40
104
220
316
885
682
884
819
748
565
958
824
454
385
936
84
362
585
350
864
46
767
190
29
448
47
994
31
516
249
426
1004
18
163
28
435
677
7
373
876
850
261
680
757
506
301
86
937
93
748
425
371
795
538
411
513
878
996
264
219
408
384
486
536
977
608
289
501
738
698
682
324
492
368
758
520
970
419
620
253
874
573
680
742
541
510
599
782
458
133
378
310
474
322
486
936
827
137
372
957
60
14
55
617
878
77
900
999
304
48
921
678
782
992
60
573
666
700
737
497
384
964
740
175
246
640
100
322
389
1
402
273
520
289
683
210
29
314
194
573
58
615
554
679
1001
826
5
53
518
178
122
157
945
162
564
970
260
876
711
29
269
1003
700
893
753
477
206
852
397
809
723
618
100
80
766
612
582
449
790
677
334
865
725
710
543
7
604
941
333
570
865
998
695
915
671
819
105
604
567
783
908
939
491
104
686
529
250
896
397
372
116
769
258
376
970
56
403
537
855
815
304
294
615
597
850
697
438
507
773
75
118
424
186
270
592
470
89
438
532
102
511
629
687
234
271
831
130
474
779
650
237
994
397
357
752
416
379
109
243
212
375
222
912
915
786
358
457
232
124
507
40
502
534
660
322
114
533
262
720
693
52
20
967
751
179
860
203
197
631
576
837
293
403
864
155
10
264
15
713
307
139
323
620
204
448
764
592
757
676
493
803
757
1007
164
826
948
372
133
749
415
414
63
702
645
12
331
718
52
454
907
513
88
771
256
126
746
633
341
894
126
530
408
447
201
691
336
449
306
467
268
92
370
239
810
32
572
848
210
255
659
545
814
618
981
635
426
403
393
173
323
814
561
161
339
971
585
870
575
76
673
987
45
634
596
168
111
421
796
443
629
604
728
748
28
147
676
846
82
575
783
656
290
595
462
638
451
429
220
743
348
569
379
119
346
937
677
108
540
959
659
354
1001
7
984
594
467
713
142
22
79
183
655
639
26
841
477
258
88
971
797
913
451
823
625
696
648
537
463
289
241
211
930
571
796
571
543
613
786
837
414
593
613
289
390
23
643
578
498
301
232
497
468
382
384
510
724
594
455
75
812
632
244
977
1010
389
874
385
846
856
136
663
226
663
280
383
615
223
309
258
342
749
372
636
72
418
704
195
328
547
533
341
525
807
506
863
305
743
965
211
23
845
904
885
816
359
134
857
500
245
68
31
154
676
695
760
152
840
353
597
404
888
69
341
215
873
643
678
71
394
846
884
879
283
341
359
766
565
936
602
116
812
924
906
894
6
920
131
906
265
660
366
357
580
979
848
684
648
104
465
869
235
659
24
840
991
177
190
444
10
68
469
245
789
976
382
604
496
132
795
296
926
302
726
805
428
399
503
726
678
387
319
279
608
937
434
248
12
816
516
351
227
727
712
92
219
149
982
730
992
391
588
725
568
486
866
83
674
738
494
330
303
267
894
68
665
885
699
438
684
106
127
784
1008
448
904
305
701
916
401
562
498
345
681
865
874
99
991
209
260
619
602
70
455
822
358
813
318
624
436
510
566
622
999
445
318
195
585
81
509
559
925
867
282
111
966
663
599
827
335
762
925
788
860
510
64
801
414
186
811
489
888
838
307
559
45
908
41
639
653
862
959
808
551
896
969
466
936
187
399
753
792
447
397
601
101
455
765
747
581
853
697
13
745
458
237
849
609
111
907
161
448
308
383
203
662
898
248
865
954
664
934
811
912
860
145
316
778
779
788
395
289
990
364
584
965
191
407
611
82
935
820
730
441
288
609
917
432
924
715
455
170
510
20
21
203
942
410
978
238
402
291
775
550
797
844
129
296
793
76
353
41
320
549
723
742
720
437
87
369
699
535
356
95
956
924
481
231
161
386
435
462
772
146
198
413
625
549
798
534
714
473
292
622
243
18
372
379
284
406
695
150
624
624
309
723
990
301
732
84
334
218
481
879
406
158
666
469
255
138
254
557
838
471
437
113
321
72
217
726
848
115
280
666
483
843
318
805
563
83
235
703
860
722
44
533
285
397
198
918
976
919
286
986
683
940
805
907
1006
905
7
691
255
59
637
317
221
610
498
869
301
980
252
806
910
557
840
508
528
649
747
444
784
712
764
854
331
991
721
32
903
404
893
781
258
525
1007
200
488
525
837
514
325
963
962
19
4
586
410
360
93
744
492
826
223
419
712
574
820
500
482
967
181
10
876
64
642
94
1007
327
387
371
585
281
89
648
360
322
805
636
452
547
15
739
439
491
111
732
637
944
258
350
556
847
89
450
609
896
453
695
810
928
269
957
240
945
1000
8
64
887
462
173
718
646
513
2
155
218
168
203
492
379
327
652
783
396
641
731
810
95
971
139
479
921
284
819
707
600
163
294
356
928
799
72
555
366
113
744
868
23
330
112
455
791
623
181
573
968
208
868
451
329
94
15
468
602
391
909
778
725
998
669
690
187
520
451
162
571
947
799
353
904
460
273
63
380
904
798
674
903
682
820
376
223
335
729
49
662
638
560
891
287
21
337
14
706
625
913
137
166
79
730
653
5
299
456
237
289
879
103
337
824
201
5
614
438
459
527
800
720
456
485
235
940
927
660
830
658
846
756
910
777
559
697
525
719
950
567
440
584
671
493
141
120
133
492
189
858
408
883
459
661
876
763
17
664
570
958
317
39
301
45
351
606
86
787
649
55
909
113
10
334
374
371
286
511
706
98
309
728
104
528
937
407
152
990
286
337
791
259
157
418
441
130
194
984
608
499
187
831
273
190
95
204
121
527
821
67
631
423
935
745
36
688
563
268
42
52
600
224
174
638
546
492
498
505
268
142
973
71
228
61
882
987
793
738
509
767
917
461
678
341
603
348
594
52
308
240
117
674
704
692
159
370
865
349
1
1
1
514
508
433
55
957
81
495
381
974
338
846
461
15
535
735
913
21
926
277
919
143
512
806
132
595
570
86
1000
182
666
960
350
14
415
65
440
471
580
740
1005
871
8132
495
140
196
724
56
252
993
467
641
948
990
576
953
315
82
402
267
882
20
334
771
295
569
519
170
844
24420
711
426
258
387
751
290
993
749
524
688
972
80
869
814
436
983
856
128
773
615
547
907
182
925
262
477
487
4245
463
279
542
939
380
996
35
455
690
122
153
324
517
150
269
329
450
302
830
901
490
10